# Tables from V. V. Tsybulsky, Calendars of Middle East Countries, Moscow, 1979.
# Extracted with corrections from pages 158 to 194.
# Jady of 1239 corrected from 29 to 30 based on Gregorian tables
1230 31 31 32 31 31 31 30 30 29 30 30 30
1231 31 31 31 31 32 31 30 30 29 30 29 30
# Hamal of 1232 corrected from 31 to 30 based on Gregorian tables
1232 30 31 32 31 31 31 30 30 30 29 30 30
1233 31 31 31 31 32 31 30 30 29 30 29 30
# Jady of 1234 corrected from 29 to 30 based on Gregorian tables
1234 31 31 32 31 31 31 30 30 29 30 30 30
# Hamal of 1235 corrected from 31 to 30 based on Gregorian tables
1235 30 31 32 31 31 31 30 30 30 29 30 30
# Hamal of 1236 corrected from 31 to 30 based on Gregorian tables
1236 30 31 32 31 31 31 30 30 30 29 30 30
1237 31 31 32 31 31 31 30 30 29 29 30 30
1238 31 31 31 32 31 31 30 30 29 30 30 30
1239 30 31 31 32 31 31 30 30 30 29 30 30
1240 30 31 32 31 31 31 31 29 30 29 30 30
1241 30 32 31 31 32 30 31 30 29 30 29 30
1242 31 31 31 32 31 31 30 30 29 30 29 30
1243 31 31 31 32 31 31 30 30 30 29 30 30
1244 30 31 32 31 31 31 31 29 30 29 30 30
1245 30 31 32 31 32 30 31 30 29 30 29 30
1246 31 31 31 32 31 31 30 30 29 30 29 30
1247 31 31 31 32 31 31 30 30 30 29 30 30
1248 30 31 32 31 31 31 31 29 30 29 30 30
1249 30 31 32 31 32 30 31 30 29 30 29 30
1250 31 31 31 31 32 31 30 30 29 30 29 30
1251 31 31 31 32 31 31 30 30 30 29 30 30
1252 30 31 32 31 31 31 30 30 30 29 30 30
1253 30 31 32 31 31 31 31 30 29 30 29 30
1254 31 31 31 31 32 31 30 30 29 30 29 30
1255 31 31 31 32 31 31 30 30 30 29 30 30
1256 30 31 31 32 31 31 30 30 30 29 30 30
# Hoot of 1257 corrected from 29 to 30 based on Gregorian tables
1257 30 31 31 32 31 31 31 30 29 30 29 30
1258 31 31 31 31 32 31 30 30 29 30 29 30
1259 31 31 31 32 31 31 30 30 30 29 30 30
1260 30 31 31 32 31 31 30 30 30 29 30 30
1261 30 31 31 32 31 31 31 30 29 29 30 30
1262 31 31 31 31 32 31 30 30 29 30 29 30
1263 31 31 31 32 31 31 30 30 30 29 30 30
1264 30 31 31 32 31 31 30 30 30 29 30 30
1265 30 31 32 31 31 31 31 30 29 29 30 30
# Hoot of 1266 corrected from 29 to 30 based on Gregorian tables
1266 31 31 31 31 32 31 30 30 29 30 29 30
1267 31 31 31 32 31 31 30 30 30 29 30 30
1268 30 31 31 32 31 31 30 30 30 29 30 30
1269 30 31 32 31 31 31 31 29 30 29 30 30
1270 31 31 31 31 32 30 31 30 29 30 29 30
1271 31 31 31 32 31 31 30 30 29 30 30 30
# Sowr of 1272 corrected from 30 to 31 based on Gregorian tables
1272 30 31 31 32 31 31 30 30 30 29 30 30
1273 30 31 32 31 31 31 31 29 30 29 30 30
1274 30 31 32 31 32 30 31 30 29 30 29 30
1275 31 31 31 32 31 31 30 30 29 30 30 29
1276 31 31 31 32 31 31 30 30 30 29 30 30
1277 30 31 32 31 31 31 31 29 30 29 30 30
1278 30 31 32 31 32 30 31 30 29 30 29 30
1279 31 31 31 31 32 31 30 30 29 30 29 30
1280 31 31 31 32 31 31 30 30 30 29 30 30
1281 30 31 32 31 31 31 31 29 30 29 30 30
# Sowr of 1282 corrected from 30 to 31 based on Gregorian tables
1282 30 31 32 31 31 31 31 30 29 30 29 30
1283 31 31 31 31 32 31 30 30 29 30 29 30
1284 31 31 31 32 31 31 30 30 30 29 30 30
1285 30 31 31 32 31 31 30 30 29 30 30 30
1286 30 31 32 31 31 31 31 30 29 30 29 30
1287 31 31 31 31 32 31 30 30 29 30 29 30
1288 31 31 31 32 31 31 30 30 30 29 30 30
1289 30 31 31 32 31 31 30 30 30 29 30 30
1290 30 31 32 31 31 31 31 30 29 30 29 30
1291 31 31 31 31 32 31 30 30 29 30 29 30
1292 31 31 31 32 31 31 30 30 30 29 30 30
1293 30 31 31 32 31 31 30 30 30 29 30 30
1294 30 31 32 31 31 31 31 30 29 30 29 30
1295 31 31 31 31 32 31 30 30 29 30 29 30
1296 31 31 31 32 31 31 30 30 30 29 30 30
1297 30 31 31 32 31 31 30 30 30 29 30 30
1298 30 31 32 31 31 31 31 30 29 29 30 30
# Dalv of 1299 corrected from 30 to 29 based on Gregorian tables
1299 31 31 31 31 32 30 31 30 29 30 29 30
1300 31 31 31 32 31 31 30 30 30 29 30 30
1301 30 31 31 32 31 31 30 30 30 29 30 30
1302 30 31 32 31 31 31 31 29 30 29 30 30
1303 30 31 32 31 32 30 31 30 29 30 29 30
